83877    3    430    365    70    418    310    

121    84898    137    158    159    114    122    

109    35    81926    101    79    86    115    

0    0    0    83070    0    0    0    

112    29    30    107    84352    142    237    

747    0    2443    1165    306    84206    1154    

0    1    0    0    0    0    83028    


Quantidade total de interacoes: 594762
Fim da Simulacao: 1.1

243011    3    1749    593    70    1786    1663    

123    244744    137    226    210    114    122    

109    35    234546    101    79    946    115    

5    0    46    242333    19    63    58    

112    36    30    139    244117    142    251    

1033    40    7796    1279    360    241320    1414    

470    5    559    192    8    492    241240    


Quantidade total de interacoes: 1714041
Fim da Simulacao: 1.2

285132    3    2818    728    70    2836    1910    

155    289567    205    339    447    134    142    

291    43    274929    350    194    1192    180    

109    16    133    284730    109    175    167    

123    46    32    1880    288494    145    252    

2444    40    10383    1449    400    284144    7255    

1468    7    1222    246    8    1096    279816    


Quantidade total de interacoes: 2028054
Fim da Simulacao: 1.3

412950    81    3101    975    154    3130    2055    

376    418189    440    693    862    364    371    

291    53    397959    356    203    1821    180    

109    16    133    412232    109    175    167    

126    46    90    1966    416649    145    252    

3108    42    15462    1776    449    411693    7812    

1474    7    1249    436    8    1106    407597    


Quantidade total de interacoes: 2929038
Fim da Simulacao: 1.4

598816    88    3402    1351    188    3434    2372    

490    604862    534    873    997    448    465    

308    55    569654    389    270    7126    334    

109    20    150    597306    116    175    170    

139    63    90    1966    602566    145    375    

3317    74    29506    2401    839    592150    9237    

1990    7    1833    883    193    1691    592216    


Quantidade total de interacoes: 4236183
Fim da Simulacao: 1.5

721277    96    3402    1351    189    3434    2373    

571    728202    661    1090    1346    562    570    

312    55    692054    389    297    7126    334    

109    21    194    720092    116    175    170    

150    64    90    1979    725137    169    395    

3593    74    29591    2401    965    714656    9516    

2514    14    2534    1224    476    2404    715168    


Quantidade total de interacoes: 5099682
Fim da Simulacao: 1.6

849197    102    4036    1861    366    4044    2658    

621    856731    726    1235    1579    626    624    

340    55    814451    411    334    8475    396    

112    21    195    847691    124    203    171    

153    83    90    1991    852978    169    395    

3961    106    34887    2529    1091    841006    9727    

2728    14    2727    1394    640    2589    843141    


Quantidade total de interacoes: 5999784
Fim da Simulacao: 1.7

952280    102    4426    2232    384    4431    2916    

715    960534    841    1399    1729    735    730    

340    62    915341    417    334    8741    415    

169    23    263    949956    160    283    286    

394    83    282    2167    956576    360    737    

4376    182    37122    3437    1179    943863    10732    

2728    16    2727    1394    640    2589    945186    


Quantidade total de interacoes: 6727014
Fim da Simulacao: 1.8

1089310    113    4437    2306    409    4440    2921    

952    1098518    1080    1627    2028    972    965    

710    62    1048504    608    585    11549    992    

175    32    263    1087243    184    283    286    

394    170    282    2231    1093860    360    868    

4637    190    41578    3601    1308    1078771    11445    

2923    16    2957    1485    727    2726    1081624    


Quantidade total de interacoes: 7693707
Fim da Simulacao: 1.9

1215097    113    4684    2491    590    4688    3172    

1131    1224870    1289    1876    2353    1180    1171    

724    62    1173665    611    623    11798    1081    

175    32    263    1213160    223    283    286    

406    198    293    2235    1219556    360    872    

4650    190    41770    3601    1311    1203985    11767    

3299    17    3518    1508    826    3188    1207133    


Quantidade total de interacoes: 8578374
Fim da Simulacao: 2.1

1242633    120    5626    2605    593    5559    3563    

1171    1253386    1335    1964    2431    1207    1213    

760    79    1198944    649    658    11836    1203    

528    32    533    1241455    467    688    681    

422    198    293    2235    1247732    360    872    

5109    192    43767    3603    1315    1231184    12299    

3401    17    3526    1513    828    3190    1234193    


Quantidade total de interacoes: 8778168
Fim da Simulacao: 2.2

1345425    133    6172    2884    784    6176    4099    

1233    1356604    1400    2158    2528    1268    1276    

764    79    1300637    649    675    11836    1203    

528    32    547    1344150    467    688    681    

446    220    348    2244    1350667    360    872    

5139    199    44610    3637    1316    1333711    12854    

3749    17    3570    1562    847    3245    1336299    


Quantidade total de interacoes: 9500988
Fim da Simulacao: 2.3

1382382    133    6616    3151    817    6615    4423    

1239    1394194    1426    2212    2636    1280    1282    

764    79    1335783    649    675    12205    1208    

540    32    580    1381319    517    792    723    

454    220    349    2257    1388031    360    887    

5643    199    46470    3674    1323    1370330    14760    

3876    41    3674    1636    899    3316    1371615    


Quantidade total de interacoes: 9764286
Fim da Simulacao: 2.4

1455963    133    6915    3382    920    6903    4650    

1324    1468053    1527    2351    2756    1369    1369    

810    117    1408725    719    751    12280    1277    

540    32    591    1454663    519    797    723    

460    220    371    2281    1461602    387    950    

5821    199    46975    3766    1353    1443748    15159    

3882    46    3696    1638    899    3316    1444672    


Quantidade total de interacoes: 10281600
Fim da Simulacao: 2.5

1500108    150    7153    3533    1040    7129    4846    

1334    1512423    1546    2400    2856    1370    1374    

821    117    1451948    736    764    12587    1440    

540    32    591    1498458    544    797    729    

600    249    501    2608    1505719    598    1191    

5832    201    47701    3770    1354    1487385    15681    

3983    46    3778    1713    941    3352    1487957    


Quantidade total de interacoes: 10592526
Fim da Simulacao: 2.6

1528773    152    7295    3639    1105    7212    4908    

1337    1541619    1546    2425    2950    1370    1374    

861    145    1479854    778    802    12628    1484    

543    32    591    1527461    555    799    734    

626    249    523    2612    1534664    622    1203    

6330    201    48866    3825    1432    1516470    16809    

3983    55    3778    1713    945    3352    1515941    


Quantidade total de interacoes: 10797171
Fim da Simulacao: 2.7

1548273    152    7534    3816    1223    7387    5006    

1413    1561683    1643    2587    3078    1464    1460    

861    145    1497896    779    803    12628    1484    

549    65    626    1547068    577    847    751    

780    249    619    2700    1554401    788    1438    

6664    203    50364    3888    1506    1536042    17120    

4013    56    3871    1715    965    3397    1535294    


Quantidade total de interacoes: 10937871
Fim da Simulacao: 2.8

1550796    157    7656    3898    1273    7475    5150    

1419    1564419    1660    2632    3193    1470    1468    

971    151    1498929    939    1120    14158    1957    

569    86    650    1549497    607    866    775    

780    249    619    2700    1556608    788    1479    

6780    207    51943    3947    1560    1537174    17512    

4013    59    3871    1715    967    3397    1536987    


Quantidade total de interacoes: 10957296
Fim da Simulacao: 2.9

1629491    171    7875    4038    1416    7632    5321    

1443    1643270    1706    2712    3267    1499    1501    

1062    154    1573357    1213    1159    15956    2271    

577    86    745    1627871    607    950    841    

826    252    652    2710    1635229    844    1541    

6780    210    55851    3947    1560    1613877    17740    

4028    64    4021    1716    969    3449    1614992    


Quantidade total de interacoes: 11509449
Fim da Simulacao: 3.1

1675489    184    8022    4171    1535    7779    5432    

1507    1689563    1779    2807    3403    1567    1569    

1100    154    1618337    1403    1185    16116    2282    

578    86    792    1673525    647    984    843    

826    254    652    2764    1681117    844    1541    

6977    210    56885    4079    1629    1659772    18164    

4038    64    4048    1766    999    3453    1660684    


Quantidade total de interacoes: 11833605
Fim da Simulacao: 3.2

1725141    195    8333    4400    1623    8077    5671    

1507    1739260    1779    2856    3478    1567    1570    

1102    154    1667112    1431    1185    16488    2336    

578    87    804    1722893    647    984    843    

826    255    652    2776    1730664    844    1580    

7033    210    57427    4101    1629    1708795    18842    

4038    64    4118    1768    999    3470    1709383    


Quantidade total de interacoes: 12181575
Fim da Simulacao: 3.3

1754994    203    8580    4515    1677    8328    5816    

1546    1769477    1820    2939    3532    1608    1612    

1102    154    1696510    1431    1193    16488    2336    

578    87    817    1752923    652    984    843    

835    267    652    2788    1760753    844    1613    

7280    216    57957    4101    1639    1738729    18985    

4133    64    4132    1771    1022    3487    1739263    


Quantidade total de interacoes: 12393276
Fim da Simulacao: 3.4

1770308    209    8580    4534    1677    8328    5819    

1569    1785275    1862    2998    3591    1640    1646    

1115    157    1711329    1477    1193    16769    2368    

604    93    854    1768334    686    1024    887    

835    270    652    2798    1776290    844    1622    

7429    216    58498    4126    1639    1753872    19274    

4424    64    4509    2017    1208    3807    1754668    


Quantidade total de interacoes: 12503988
Fim da Simulacao: 3.5

1824212    212    8754    4665    1789    8478    5993    

1646    1839380    1949    3112    3706    1723    1731    

1141    157    1764706    1651    1210    16991    2442    

631    93    1033    1822011    712    1213    1060    

853    280    666    2815    1830136    868    1673    

7429    216    58596    4126    1639    1807185    19431    

4492    66    4700    2024    1212    3946    1808074    


Quantidade total de interacoes: 12882828
Fim da Simulacao: 3.6

1825112    212    8886    4700    1804    8615    6060    

1699    1840684    2009    3194    3819    1774    1779    

1141    157    1764769    1666    1210    17256    2442    

643    96    1053    1823073    738    1242    1081    

859    288    666    2860    1831276    876    1674    

7734    216    59595    4194    1662    1807982    19870    

4542    77    4752    2043    1221    3985    1808824    


Quantidade total de interacoes: 12892110
Fim da Simulacao: 3.7

1852838    214    8988    4769    1859    8691    6094    

1753    1868635    2068    3272    3911    1826    1833    

1172    173    1790818    1886    1310    17880    2473    

643    97    1058    1850240    747    1294    1081    

859    293    666    2860    1858895    882    1677    

7815    216    61251    4540    1737    1835050    20019    

4625    77    4856    2138    1246    4082    1836528    


Quantidade total de interacoes: 13087935
Fim da Simulacao: 3.8

1875201    224    9296    5039    1945    8964    6285    

1816    1891287    2148    3360    3991    1896    1903    

1187    173    1812694    1902    1330    17980    2533    

704    97    1090    1872512    807    1381    1183    

860    302    676    2866    1881273    883    1748    

7821    227    61333    4545    1774    1856985    20238    

4799    78    5151    2164    1268    4299    1858498    


Quantidade total de interacoes: 13246716
Fim da Simulacao: 3.9

1924499    250    9388    5127    2035    9015    6310    

1928    1940935    2311    3538    4140    2030    2031    

1187    175    1855513    2114    1341    21114    2578    

725    115    1152    1921278    843    1421    1222    

881    302    715    2894    1930609    1030    1830    

8001    227    67802    4920    1820    1903156    21113    

4877    94    5217    2227    1310    4332    1907014    


Quantidade total de interacoes: 13594686
Fim da Simulacao: 4.1

1934222    265    9563    5264    2180    9168    6372    

1989    1951233    2389    3628    4259    2104    2102    

1189    176    1864255    2145    1590    21413    2580    

735    134    1164    1931326    884    1438    1226    

881    302    715    2894    1939692    1030    1830    

8435    227    68567    4944    2224    1912329    22680    

4982    96    5780    2232    1604    4951    1915643    


Quantidade total de interacoes: 13667031
Fim da Simulacao: 4.2

1936555    270    9631    5312    2261    9195    6394    

2046    1953861    2463    3735    4355    2167    2170    

1195    182    1866406    2181    1596    21421    2581    

748    139    1183    1933707    909    1453    1241    

950    307    763    2927    1942128    1150    1922    

8590    227    68854    4985    2227    1914672    23618    

4998    96    5782    2235    1606    5024    1917156    


Quantidade total de interacoes: 13685574
Fim da Simulacao: 4.3

1949652    279    9872    5516    2361    9382    6528    

2076    1967197    2494    3780    4415    2197    2195    

1207    182    1878537    2312    1599    21628    2592    

862    139    1336    1946647    940    1718    1326    

952    321    763    2927    1955284    1150    2005    

8694    227    69657    5022    2231    1927342    23755    

4998    96    5782    2237    1611    5024    1930040    


Quantidade total de interacoes: 13779087
Fim da Simulacao: 4.4

1950760    282    9999    5549    2371    9475    6596    

2130    1968816    2562    3864    4498    2258    2255    

1290    182    1878791    2317    1599    22545    2640    

908    157    1374    1948048    976    1776    1393    

958    322    767    2930    1956725    1177    2049    

8859    227    70650    5022    2231    1927716    23887    

5177    96    5939    2352    1682    5135    1931262    


Quantidade total de interacoes: 13790574
Fim da Simulacao: 4.5

1993651    284    10095    5614    2379    9533    6661    

2144    2012212    2590    3903    4539    2269    2271    

1371    185    1921100    2366    1620    23186    2792    

938    157    1395    1991183    1002    1851    1451    

980    324    778    2973    2000014    1199    2092    

8879    232    71262    5022    2232    1970111    23991    

5529    98    6272    2431    1706    5343    1974234    


Quantidade total de interacoes: 14094444
Fim da Simulacao: 4.6

2020480    294    10249    5719    2449    9603    6723    

2209    2039412    2668    4002    4629    2343    2342    

1375    185    1947087    2414    1638    23452    2800    

983    157    1456    2018080    1057    1982    1505    

1031    324    797    2987    2026984    1270    2197    

9046    237    72108    5064    2243    1996693    24471    

5587    102    6346    2445    1711    5368    2000673    


Quantidade total de interacoes: 14284977
Fim da Simulacao: 4.7

2065538    294    10396    5835    2463    9747    6842    

2212    2084568    2683    4030    4702    2354    2350    

1375    185    1990853    2452    1638    24098    2820    

998    166    1473    2062958    1078    2008    1533    

1032    325    799    2999    2072047    1271    2197    

9046    242    73045    5077    2243    2040805    24749    

5684    105    6636    2534    1714    5602    2045394    


Quantidade total de interacoes: 14601195
Fim da Simulacao: 4.8

2078022    297    10419    5859    2507    9756    6888    

2236    2097276    2719    4079    4788    2386    2383    

1375    186    2002853    2462    1643    24098    2820    

1019    174    1516    2075391    1112    2034    1555    

1032    334    799    2999    2084455    1271    2197    

9048    242    73382    5077    2251    2053153    24768    

5882    105    6926    2747    1858    5916    2058003    


Quantidade total de interacoes: 14690298
Fim da Simulacao: 4.9

2098876    304    11701    5921    2557    10361    7039    

2257    2119683    2740    4124    4844    2407    2404    

1939    186    2023673    2586    1739    25118    3250    

1023    174    1517    2097569    1119    2038    1558    

1080    345    820    3008    2106654    1314    2293    

9948    248    73665    5090    2271    2073886    25504    

5922    105    6929    2747    1861    5921    2078997    


Quantidade total de interacoes: 14847315
Fim da Simulacao: 5.1

2121232    319    11701    5921    2557    10361    7039    

2295    2142707    2833    4194    4863    2443    2438    

2158    186    2043685    2891    1744    27216    3320    

1050    174    1533    2120208    1120    2085    1563    

1106    367    825    3020    2129688    1340    2336    

10253    248    76553    5109    2272    2094733    25575    

6012    105    6976    2763    1862    5928    2101835    


Quantidade total de interacoes: 15008742
Fim da Simulacao: 5.2

2136569    323    11947    5969    2587    10637    7067    

2296    2158449    2836    4208    4909    2443    2438    

2158    186    2054193    2900    1755    31133    3320    

1050    175    1556    2135876    1133    2085    1563    

1119    373    885    3028    2145335    1352    2349    

10584    248    81444    5115    2277    2106255    25748    

6083    105    6998    2763    1863    5954    2117374    


Quantidade total de interacoes: 15119013
Fim da Simulacao: 5.3

2176870    336    11947    5969    2588    10637    7067    

2297    2198875    2842    4253    4960    2447    2442    

2160    186    2093846    2906    1776    31461    3330    

1050    179    1567    2176233    1173    2085    1563    

1119    373    885    3028    2185589    1352    2349    

10597    248    82061    5115    2283    2146229    25849    

6215    111    7160    2804    1939    6097    2157708    


Quantidade total de interacoes: 15402156
Fim da Simulacao: 5.4

2208441    336    12103    6034    2589    10706    7092    

2297    2230611    2842    4258    4993    2447    2445    

2217    186    2124408    2983    1789    32142    3438    

1067    183    1585    2207814    1186    2112    1600    

1119    382    885    3035    2217282    1352    2356    

10645    253    83065    5116    2283    2177199    25942    

6277    112    7175    2823    1941    6105    2189190    


Quantidade total de interacoes: 15624441
Fim da Simulacao: 5.5

2209314    339    12139    6046    2603    10719    7099    

2335    2231607    2907    4334    5106    2492    2495    

2219    186    2124545    3125    1883    32651    3475    

1093    186    1649    2208557    1304    2275    1704    

1136    384    893    3043    2217919    1373    2375    

10692    253    83654    5137    2298    2177445    26118    

6285    119    7287    2832    1961    6119    2189808    


Quantidade total de interacoes: 15631518
Fim da Simulacao: 5.6

2240377    351    12203    6094    2621    10760    7132    

2343    2262836    2927    4377    5183    2511    2513    

2226    187    2155229    3152    1889    32752    3499    

1093    187    1651    2239551    1305    2278    1705    

1137    392    893    3044    2249049    1376    2378    

10697    253    83951    5152    2298    2208353    26246    

6452    119    7471    2955    1980    6295    2220852    


Quantidade total de interacoes: 15850275
Fim da Simulacao: 5.7

2243902    361    12331    6175    2665    10856    7191    

2373    2266595    2962    4435    5234    2544    2547    

2263    188    2158276    3193    1897    33045    3563    

1093    189    1658    2243141    1305    2280    1705    

1139    394    893    3044    2252719    1376    2391    

10786    254    84350    5158    2305    2211607    26450    

6552    127    7638    2962    1983    6400    2224261    


Quantidade total de interacoes: 15876756
Fim da Simulacao: 5.8

2248381    370    12339    6178    2673    10858    7211    

2406    2271237    3005    4514    5325    2584    2584    

2263    188    2161925    3199    1959    33449    3563    

1094    194    1660    2247690    1364    2285    1706    

1154    399    905    3057    2257037    1390    2404    

10911    254    85272    5171    2384    2215783    26743    

6564    131    7667    2964    2031    6424    2228562    


Quantidade total de interacoes: 15909411
Fim da Simulacao: 5.9

2277091    378    12468    6259    2772    10991    7284    

2431    2300066    3055    4614    5410    2624    2619    

2263    188    2189574    3206    1967    33482    3564    

1094    194    1697    2276335    1372    2285    1706    

1154    400    911    3057    2285641    1404    2404    

11006    263    85564    5192    2417    2243143    28313    

6591    141    8361    2967    2051    7701    2255740    


Quantidade total de interacoes: 16111410
Fim da Simulacao: 6.1

2284312    378    12557    6296    2807    11038    7293    

2436    2307553    3081    4653    5443    2642    2630    

2264    194    2196279    3223    1977    33844    3601    

1104    198    1706    2283506    1426    2295    1714    

1166    403    913    3225    2292948    1477    2410    

11163    263    86087    5217    2441    2250058    28679    

6685    141    8507    3010    2088    7776    2262803    


Quantidade total de interacoes: 16163910
Fim da Simulacao: 6.2

2315810    392    12586    6345    2846    11038    7297    

2463    2339287    3111    4688    5491    2663    2651    

2317    194    2227054    3388    2112    34204    3708    

1104    198    1714    2314908    1476    2303    1714    

1198    406    919    3287    2324380    1513    2433    

11204    267    86811    5228    2451    2281305    29101    

6789    141    8690    3041    2129    7859    2293981    


Quantidade total de interacoes: 16386195
Fim da Simulacao: 6.3

2337367    396    12662    6405    2856    11092    7337    

2482    2360880    3142    4728    5521    2684    2670    

2321    194    2246006    3440    2112    35974    3774    

1104    198    1721    2336349    1476    2303    1715    

1212    406    923    3290    2345941    1537    2474    

11207    267    89334    5234    2451    2301039    29190    

6804    156    8709    3051    2140    7868    2315337    


Quantidade total de interacoes: 16537479
Fim da Simulacao: 6.4

2363862    396    12854    6520    2873    11180    7401    

2508    2387586    3171    4768    5558    2708    2693    

2363    196    2271996    3544    2116    36404    3893    

1140    202    1753    2362782    1522    2397    1750    

1215    409    925    3296    2372547    1549    2501    

11314    267    89796    5247    2456    2327104    29525    

6810    156    8717    3055    2140    7870    2341449    


Quantidade total de interacoes: 16724484
Fim da Simulacao: 6.5

2379473    398    12935    6582    2875    11251    7410    

2531    2403449    3205    4820    5603    2732    2715    

2380    203    2287684    3600    2138    36466    3907    

1140    207    1753    2378432    1522    2397    1750    

1223    411    927    3304    2388346    1578    2514    

11476    267    89861    5288    2466    2342788    29686    

6868    156    8726    3065    2141    7879    2357109    


Quantidade total de interacoes: 16835637
Fim da Simulacao: 6.6

2404735    398    13096    6679    2953    11359    7452    

2531    2429082    3206    4839    5641    2732    2716    

2384    203    2312271    3646    2176    36989    3944    

1141    215    1758    2403852    1537    2402    1756    

1223    411    927    3304    2413779    1578    2527    

11558    268    90575    5288    2467    2367664    29955    

7163    158    8902    3127    2182    8011    2382385    


Quantidade total de interacoes: 17015145
Fim da Simulacao: 6.7

2409210    398    13174    6744    3024    11427    7524    

2546    2433606    3227    4882    5677    2752    2736    

2389    203    2316278    3692    2223    37202    3977    

1141    217    1758    2408193    1549    2402    1756    

1232    411    929    3305    2418112    1603    2544    

11560    273    90881    5297    2468    2371804    30036    

7196    166    9027    3161    2221    8084    2386701    


Quantidade total de interacoes: 17046918
Fim da Simulacao: 6.8

2413159    411    13174    6744    3024    11427    7524    

2557    2437682    3251    4913    5725    2772    2757    

2390    203    2319976    3704    2242    37306    4012    

1141    217    1763    2412188    1580    2424    1769    

1232    411    929    3305    2422057    1612    2558    

11576    279    91090    5310    2475    2375645    30234    

7317    169    9189    3208    2269    8186    2390518    


Quantidade total de interacoes: 17075604
Fim da Simulacao: 6.9

2442250    411    13262    6746    3024    11502    7541    

2560    2467160    3265    4925    5763    2775    2762    

2448    203    2335542    3757    2262    47430    4104    

1141    217    1777    2441600    1582    2424    1769    

1234    417    940    3305    2451481    1612    2558    

11699    282    104722    5310    2476    2394851    30456    

7527    169    9351    3216    2271    8265    2419669    


Quantidade total de interacoes: 17282013
Fim da Simulacao: 7.1

2460476    412    13357    6793    3030    11534    7545    

2569    2485739    3286    4953    5787    2782    2770    

2469    203    2353155    3810    2283    48094    4109    

1168    218    1795    2460022    1630    2453    1783    

1283    421    970    3317    2469926    1691    2607    

11908    283    105494    5314    2488    2412613    30504    

7574    171    9390    3238    2303    8280    2438129    


Quantidade total de interacoes: 17412129
Fim da Simulacao: 7.2

2465050    412    13396    6801    3030    11566    7557    

2588    2490521    3316    5003    5831    2802    2788    

2471    203    2356788    3819    2416    48559    4110    

1168    218    1808    2464637    1672    2519    1783    

1300    429    979    3321    2474446    1711    2634    

12051    283    106536    5409    2518    2416775    30747    

7610    172    9415    3248    2325    8306    2442619    


Quantidade total de interacoes: 17445666
Fim da Simulacao: 7.3

2491653    417    13484    6835    3043    11634    7607    

2592    2517212    3333    5044    5850    2817    2802    

2480    203    2383266    3828    2418    48678    4184    

1176    223    1812    2491262    1686    2529    1789    

1300    438    981    3321    2501108    1711    2650    

12056    288    106539    5410    2520    2442935    31203    

7696    172    9538    3253    2328    8649    2468718    


Quantidade total de interacoes: 17632671
Fim da Simulacao: 7.4

2503129    418    13533    6851    3053    11664    7649    

2592    2528795    3344    5066    5877    2823    2805    

2480    204    2394590    3857    2434    48768    4209    

1176    223    1816    2502772    1696    2529    1792    

1302    440    982    3323    2512626    1715    2665    

12099    296    106687    5416    2526    2454370    31407    

7770    172    9596    3263    2336    8679    2480021    


Quantidade total de interacoes: 17713836
Fim da Simulacao: 7.5

2522392    424    13533    6851    3054    11664    7650    

2596    2548122    3361    5083    5884    2831    2813    

2480    204    2413494    3869    2434    48960    4210    

1176    224    1816    2522047    1701    2535    1792    

1302    442    992    3323    2531949    1721    2673    

12143    296    107079    5442    2527    2473478    31515    

7803    180    9617    3277    2343    8703    2499239    


Quantidade total de interacoes: 17849244
Fim da Simulacao: 7.6

2529388    433    13619    6920    3058    11728    7690    

2611    2555226    3386    5112    5940    2849    2831    

2480    204    2419817    3884    2434    49353    4212    

1211    227    1838    2529027    1723    2596    1835    

1302    444    998    3327    2538988    1721    2673    

12146    296    107633    5442    2527    2479964    31672    

7876    184    9723    3302    2344    8803    2506101    


Quantidade total de interacoes: 17899098
Fim da Simulacao: 7.7

2542177    441    13697    6974    3075    11802    7707    

2631    2568125    3412    5141    5989    2876    2853    

2480    204    2431967    3887    2435    49739    4217    

1222    231    1845    2541830    1731    2601    1840    

1302    445    998    3343    2551828    1725    2681    

12191    296    108168    5451    2530    2492283    31848    

7929    190    9845    3306    2344    8906    2518786    


Quantidade total de interacoes: 17989524
Fim da Simulacao: 7.8

2547476    441    13908    7009    3088    11987    7727    

2651    2573717    3435    5170    6025    2897    2874    

2480    204    2437211    3916    2437    49759    4217    

1227    231    1858    2547331    1753    2643    1849    

1305    445    998    3346    2557356    1731    2689    

12387    296    108262    5454    2532    2497603    31960    

8016    208    9870    3316    2351    8922    2524226    


Quantidade total de interacoes: 18028794
Fim da Simulacao: 7.9

2555785    441    13983    7056    3111    12038    7740    

2655    2582155    3462    5197    6058    2909    2877    

2480    204    2443070    3975    2457    51404    4218    

1227    231    1867    2555586    1782    2663    1849    

1305    445    998    3350    2565677    1731    2691    

12491    296    110710    5485    2543    2504302    32094    

8044    215    9897    3338    2359    8940    2532518    


Quantidade total de interacoes: 18087909
Fim da Simulacao: 8.1

2578494    444    14163    7130    3125    12143    7790    

2655    2605081    3463    5208    6089    2909    2880    

2521    204    2464994    4040    2480    51763    4288    

1227    231    1888    2578307    1792    2669    1854    

1305    445    1001    3398    2588528    1731    2696    

12540    302    110956    5489    2543    2526267    32939    

8180    215    10457    3350    2365    9440    2554475    


Quantidade total de interacoes: 18248454
Fim da Simulacao: 8.2

2598853    448    14172    7130    3143    12157    7790    

2668    2625612    3490    5241    6133    2924    2900    

2521    204    2484799    4046    2492    52057    4296    

1227    231    1890    2598784    1825    2698    1885    

1305    449    1001    3398    2608904    1755    2715    

12573    302    111436    5489    2563    2546322    33285    

8316    217    10675    3375    2403    9550    2574592    


Quantidade total de interacoes: 18392241
Fim da Simulacao: 8.3

2601456    452    14386    7200    3160    12344    7819    

2671    2628495    3499    5265    6162    2928    2904    

2548    204    2487137    4089    2499    52177    4329    

1238    234    1901    2601521    1834    2708    1895    

1307    460    1001    3398    2611737    1759    2739    

12800    302    111727    5515    2566    2548894    33489    

8344    217    10713    3376    2406    9554    2577189    


Quantidade total de interacoes: 18412548
Fim da Simulacao: 8.4

2606384    453    14464    7267    3178    12370    7828    

2692    2633647    3532    5306    6205    2951    2927    

2548    205    2491344    4127    2510    52567    4332    

1265    234    1927    2606461    1921    2840    1951    

1315    470    1008    3400    2616706    1779    2767    

12848    303    112440    5537    2571    2553413    33627    

8481    221    10818    3435    2442    9613    2582101    


Quantidade total de interacoes: 18448731
Fim da Simulacao: 8.5

2610555    458    14537    7268    3179    12390    7830    

2706    2638104    3555    5326    6260    2965    2940    

2566    206    2495055    4140    2520    53005    4346    

1283    240    1942    2610897    1938    2866    1969    

1326    477    1016    3400    2621093    1786    2767    

13012    303    113037    5542    2577    2557361    33837    

8561    221    10867    3436    2442    9636    2586320    


Quantidade total de interacoes: 18480063
Fim da Simulacao: 8.6

2630762    462    14605    7296    3207    12435    7880    

2738    2658375    3598    5375    6318    3006    2980    

2574    206    2513622    4149    2531    54095    4370    

1302    245    1955    2631097    1963    2892    1992    

1326    478    1016    3400    2641258    1795    2771    

13020    303    114527    5542    2577    2576392    33979    

8576    229    10975    3439    2444    9683    2606326    


Quantidade total de interacoes: 18622086
Fim da Simulacao: 8.7

2631284    469    14640    7317    3214    12450    7887    

2759    2658991    3629    5421    6356    3029    3003    

2582    206    2513679    4220    2554    54418    4396    

1302    245    1956    2631491    1966    2909    1992    

1339    479    1028    3413    2641809    1830    2803    

13039    303    114862    5544    2577    2576508    34139    

8626    238    11137    3525    2455    9787    2606711    


Quantidade total de interacoes: 18626517
Fim da Simulacao: 8.8

2639890    475    14753    7361    3220    12496    7905    

2759    2667742    3629    5432    6390    3029    3003    

2619    206    2522091    4328    2563    54635    4426    

1307    245    1957    2640055    1978    2932    2018    

1339    479    1030    3420    2650505    1830    2803    

13066    304    115065    5548    2577    2584960    34141    

8711    240    11166    3547    2458    9809    2615395    


Quantidade total de interacoes: 18687837
Fim da Simulacao: 8.9

2667043    484    14864    7442    3240    12538    7911    

2779    2695127    3679    5486    6443    3057    3027    

2620    206    2547832    4370    2567    55267    4433    

1315    249    1971    2667225    2013    3003    2038    

1389    484    1049    3429    2677772    1916    2881    

13164    304    116478    5572    2579    2611490    34326    

8789    245    11226    3575    2485    9828    2642483    


Quantidade total de interacoes: 18879693
Fim da Simulacao: 9.1

2675826    499    14887    7457    3242    12540    7912    

2798    2704054    3725    5540    6496    3077    3047    

2627    206    2556189    4399    2581    55601    4471    

1339    252    1995    2676065    2051    3049    2062    

1411    487    1054    3432    2686601    1950    2925    

13249    305    116918    5578    2588    2619993    34570    

8798    245    11280    3577    2489    9838    2651061    


Quantidade total de interacoes: 18942336
Fim da Simulacao: 9.2

2681198    505    14982    7515    3278    12614    7938    

2799    2709587    3743    5585    6532    3082    3052    

2629    208    2561011    4429    2589    56026    4487    

1339    252    1998    2681429    2058    3057    2062    

1411    487    1057    3441    2692050    1974    2934    

13268    306    117384    5579    2593    2624901    34840    

8951    250    11420    3617    2495    9941    2656282    


Quantidade total de interacoes: 18981165
Fim da Simulacao: 9.3

2681832    507    15029    7520    3296    12650    7959    

2800    2710333    3760    5607    6568    3091    3062    

2631    208    2561542    4441    2595    56133    4519    

1339    256    2003    2682128    2075    3060    2064    

1429    491    1073    3454    2692727    1994    2957    

13273    307    117437    5579    2593    2625358    35149    

9050    252    11510    3625    2500    10068    2656644    


Quantidade total de interacoes: 18986478
Fim da Simulacao: 9.4

2686087    512    15219    7545    3319    12791    7976    

2821    2714919    3795    5660    6623    3112    3084    

2639    210    2565747    4450    2602    56256    4521    

1350    261    2015    2686638    2097    3079    2078    

1439    493    1080    3457    2697211    2024    2967    

13523    307    117584    5581    2598    2629619    35291    

9097    254    11516    3625    2506    10075    2661039    


Quantidade total de interacoes: 19018692
Fim da Simulacao: 9.5

2714530    516    15237    7562    3339    12812    7980    

2824    2743448    3813    5686    6667    3122    3095    

2641    210    2593669    4454    2611    56501    4530    

1359    269    2029    2715116    2111    3088    2088    

1444    494    1083    3457    2725603    2055    2978    

13529    307    117953    5581    2604    2657693    35520    

9171    254    11714    3642    2563    10227    2689307    


Quantidade total de interacoes: 19218486
Fim da Simulacao: 9.6

2718306    519    15287    7596    3358    12854    7996    

2829    2747279    3828    5718    6721    3134    3105    

2643    210    2597105    4475    2616    56707    4536    

1364    278    2031    2718799    2120    3098    2098    

1444    494    1083    3505    2729347    2062    2984    

13557    307    118270    5588    2604    2661249    35562    

9201    257    11740    3663    2578    10240    2693063    


Quantidade total de interacoes: 19245408
Fim da Simulacao: 9.7

2728628    519    15354    7629    3367    12893    8035    

2833    2757668    3838    5735    6750    3142    3108    

2659    210    2606668    4565    2623    57428    4607    

1375    285    2042    2729038    2130    3115    2109    

1444    494    1084    3511    2739688    2063    2988    

13562    309    118891    5590    2604    2670829    35655    

9241    257    11865    3674    2580    10272    2703240    


Quantidade total de interacoes: 19318194
Fim da Simulacao: 9.8

2738425    519    15603    7634    3418    13047    8050    

2842    2767866    3854    5771    6784    3152    3120    

2693    210    2616086    4575    2659    57746    4632    

1379    288    2049    2739191    2151    3119    2114    

1459    498    1092    3516    2749722    2086    2999    

13803    310    119380    5590    2607    2680510    35739    

9350    260    11887    3674    2610    10291    2713297    


Quantidade total de interacoes: 19389657
Fim da Simulacao: 9.9

